0000122672
0000122673
0000122674
0000122675
0000122676
0000122677
0000122678
0000122679
0000122680
0000122681
0000122682
0000122683
0000122684
0000122685
0000122686
0000122687
0000122688
0000122689
0000122690
0000122691
0000122692
0000122693
0000122694
0000122695
0000122696
0000122697
0000122698
0000122699
0000122700
0000122701
0000122702
0000122703
0000122704
0000122705
0000122706
0000122707
0000122708
0000122709
0000122710
0000122711
0000122712
0000122713
0000122714
0000122715
0000122716
0000122717
0000122718
0000122719
0000122720
0000122721
0000122722
0000122723
0000122724
0000122725
0000122726
0000122727
0000122728
0000122729
0000122730
0000122731
0000122732
0000122733
0000122734
0000122735
0000122736
0000122737
0000122738
0000122739
0000122740
0000122741
0000122742
0000122743
0000122744
0000122745
0000122746
0000122747
0000122748
0000122749
0000122750
0000122751
0000122752
0000122753
0000122754
0000122755
0000122756
0000122757
0000122758
0000122759
0000122760
0000122761
0000122762
0000122763
0000122764
0000122765
0000122766
0000122767
0000122768
0000122769
0000122770
0000122771
0000122772
0000122773
0000122774
0000122775
0000122776
0000122777
0000122778
0000122779
0000122780
0000122781
0000122782
0000122783
0000122784
0000122785
0000122786
0000122787
0000122788
0000122789
0000122790
0000122791
0000122792
0000122793
0000122794
0000122795
0000122796
0000122797
0000122798
0000122799
0000122800
0000122801
0000122802
0000122803
0000122804
0000122805
0000122806
0000122807
0000122808
0000122809
0000122810
0000122811
0000122812
0000122813
0000122814
0000122815
0000122816
0000122817
0000122818
0000122819
0000122820
0000122821
0000122822
0000122823
0000122824
0000122825
0000122826
0000122827
0000122828
0000122829
0000122830
0000122831
0000122832
0000122833
0000122834
0000122835
0000122836
0000122837
0000122838
0000122839
0000122840
0000122841
0000122842
0000122843
0000122844
0000122845
0000122846
0000122847
0000122848
0000122849
0000122850
0000122851
0000122852
0000122853
0000122854
0000122855
0000122856
0000122857
0000122858
0000122859
0000122860
0000122861
0000122862
0000122863
0000122864
0000122865
0000122866
0000122867
0000122868
0000122869
0000122870
0000122871
0000122872
0000122873
0000122874
0000122875
0000122876
0000122877
0000122878
0000122879
0000122880
0000122881
0000122882
0000122883
0000122884
0000122885
0000122886
0000122887
0000122888
0000122889
0000122890
0000122891
0000122892
0000122893
0000122894
0000122895
0000122896
0000122897
0000122898
0000122899
0000122900
0000122901
0000122902
0000122903
0000122904
0000122905
0000122906
0000122907
0000122908
0000122909
0000122910
0000122911
0000122912
0000122913
0000122914
0000122915
0000122916
0000122917
0000122918
0000122919
0000122920
0000122921
0000122922
0000122923
0000122924
0000122925
0000122926
0000122927
0000122928
0000122929
0000122930
0000122931
0000122932
0000122933
0000122934
0000122935
0000122936
0000122937
0000122938
0000122939
0000122940
0000122941
0000122942
0000122943
0000122944
0000122945
0000122946
0000122947
0000122948
0000122949
0000122950
0000122951
0000122952
0000122953
0000122954
0000122955
0000122956
0000122957
0000122958
0000122959
0000122960
0000122961
0000122962
0000122963
0000122964
0000122965
0000122966
0000122967
0000122968
0000122969
0000122970
0000122971
0000122972
0000122973
0000122974
0000122975
0000122976
0000122977
0000122978
0000122979
0000122980
0000122981
0000122982
0000122983
0000122984
0000122985
0000122986
0000122987
0000122988
0000122989
0000122990
0000122991
0000122992
0000122993
0000122994
0000122995
0000122996
0000122997
0000122998
0000122999